983 324
-7651
-6385
3024
2124
4847
2864
3101
2279
1339
2304
2964
3278
702
-8448
-6226
-8854
-9433
-5865
-4600
-8972
-4057
1223
2101
4476
3993
3704
4284
4470
3821
-9404
-7539
4866
-7916
-7336
-9807
-7797
3920
2320
703
4283
3321
-6878
-4903
3203
1952
361
4583
-6975
960
1803
-7817
-8140
1308
210
1950
3149
-5201
-6951
3099
3281
1949
1467
2733
771
-6279
2079
-4293
-5748
3042
4389
4415
3131
4815
2012
4912
3557
-5330
4306
2467
-6849
-8345
3474
4067
-7712
-8808
3915
3199
2845
-8624
963
1945
800
1829
3748
3224
-5556
3087
-6633
-8080
3002
2676
4910
-9562
-7593
3312
-8742
3883
2151
-6522
-8795
-9977
-9487
956
-4869
4226
1818
2381
1205
2527
111
3860
-7501
4635
4106
-4468
-5119
140
3899
2510
3796
4958
-5590
3452
-4775
-9127
1397
30
2543
180
-8563
2638
-6075
-5870
1367
-9122
-4422
3226
2588
-5591
-8876
-5390
-7366
3334
4232
4173
288
-9036
-8761
-7621
-9842
-8073
1874
4197
1524
1862
1620
1087
752
-8990
-5174
1477
3818
-5159
-6849
-7115
1056
2321
3254
4078
2644
2743
-8841
-5781
1805
847
1341
750
-7802
-8350
2752
2225
4461
2925
-7047
2847
926
-6198
868
-6070
-8667
-8799
115
1010
-5413
2438
4846
-7841
-5753
2437
1938
-4714
-6680
2744
-4613
4065
3416
2549
-8650
-8365
4593
-8675
3807
-7673
3967
4336
2647
4342
4380
1365
-8448
-7688
258
2845
46
224
1830
2250
2561
2955
982
-8135
2768
1665
-7205
3779
-4587
4636
2215
-9558
590
-7231
-4508
1214
3809
3653
3285
3601
1649
-9795
138
2588
-5273
2237
-4739
-5198
3397
-7664
2891
2595
-8557
247
2286
2485
101
-9259
1967
-4504
2493
4925
3717
-7430
-8282
-5366
1024
458
-7719
702
4922
246
4559
2119
2877
-5552
-7661
413
-8298
-4603
3351
245
1891
-4428
2162
3532
3463
4155
-8654
-10000
-1234
2491
6313
7497
1175
8598
-2100
5077
2198
9961
6334
4238
-3836
3739
6884
9285
-1078
8823
8588
6247
6198
8465
3457
7857
7595
131
4481
6094
1759
3308
3187
2040
-5205
-6269
7774
-6879
750
1681
4862
-1414
9816
8441
-3171
486
9277
1138
-5273
1576
8211
-3215
192
4822
6992
7843
-5336
4403
3480
2868
9644
6417
6137
-2953
5364
7888
4461
3102
13
2319
5467
973
5353
-5452
1529
-552
2434
7086
7006
4970
531
6430
2401
2615
-6603
8728
9048
9135
7900
9860
4761
9214
5655
6933
2860
9950
5171
604
235
9972
53
-4768
6994
8496
7443
-2465
4494
4060
-4543
677
7487
8380
2863
1109
9146
-5757
9590
4615
8138
7110
5377
3349
-4139
1602
3292
3604
780
-5049
2812
5733
2787
5962
110
1566
4759
8547
5141
6636
6428
8824
6255
1775
6005
2580
642
8765
3322
3555
741
-4043
3373
82
64
5999
7480
6588
2074
729
5928
6379
7085
-804
3545
1230
8513
2170
1909
6383
1196
3391
-1370
6437
4072
5903
4399
7319
754
8815
2340
703
995
193
4397
2705
8423
2403
9711
3258
6446
-4295
4520
7637
9668
7752
1373
2837
8246
8075
6425
1145
4333
9495
8070
8697
3365
5660
8032
5445
6427
6275
3733
686
5611
6364
1806
8572
5073
-4663
419
1500
1203
5747
4048
2841
9208
1050
2651
808
9364
8876
7310
239
-420
3180
6304
1113
6342
6630
6758
3897
5624
8623
3856
2101
1940
7168
9393
1374
3152
3015
9713
9688
4482
2771
7118
651
6744
7360
2483
-2635
2951
5431
5752
3108
5972
5839
3743
-1034
-5139
3566
4646
9602
9862
3072
1768
2063
5067
6277
6804
-3155
-3429
8208
6933
7929
6182
5757
-2547
5796
2126
7206
6708
495
6598
8130
5012
9436
1354
220
2800
-5581
4222
7463
4510
-436
2587
3596
4690
3809
-4843
9012
9100
2521
-1766
347
8610
-5204
2184
3925
3822
204
3992
5917
8517
6693
6694
-1876
-10000
-8543
-5496
1697
4790
-8795
4023
2394
4125
1743
1309
3926
-4587
-7962
-7500
-7302
-4266
-7573
3143
3850
1268
-5365
1655
2205
-8339
-7047
-9787
105
564
4900
-5802
-4126
3676
693
3194
-6552
-7616
-7337
-5298
1468
-4454
3187
871
1245
1541
-7770
1688
4098
1385
-5277
2664
4156
1109
2725
-6766
-9236
-5251
-6502
-4954
2675
-9540
3121
3445
1255
-6898
-8634
-9933
-6445
-9396
2736
3011
1214
-4488
-5485
1766
-5143
697
1283
-7469
3532
1452
2059
983
-8930
427
2921
-4443
2546
-6383
664
-9493
-9828
1842
1898
-5631
-8932
1870
3589
3308
-5021
79
-8225
-6307
1709
1502
-5862
-8723
1468
899
-7570
2598
-6094
3692
3294
-8176
-5031
-8034
159
-4740
-4631
4945
1174
-6760
825
2075
3961
-9156
1548
-4887
630
3169
3030
-5090
4499
941
1872
3721
-6877
-8963
1911
-7248
3290
-9319
-6294
708
626
4970
674
1794
-7664
-5463
-6912
1874
-9884
-4067
3552
2535
-7317
2881
1117
4147
1528
-7735
83
2286
3999
-9150
-6870
-5549
-9009
4950
-4026
-9886
2852
266
1916
939
1279
-5529
3398
294
357
-7954
4634
951
1448
4844
2774
518
-5519
1614
-9548
-5240
2065
-8665
3891
4322
3351
4779
637
657
3819
-7116
-6968
2062
-6007
847
4011
-5314
2607
1418
1732
299
-6511
-6739
4420
2193
-5620
3250
3482
1518
1153
1033
256
-9022
-5348
3661
-8405
567
1346
4224
-6005
-9933
656
-4903
2359
1033
1073
1698
-6043
4845
-8641
2195
4726
745
-6623
870
4428
1927
-7665
2604
1088
-6957
859
3505
4940
2055
-5489
-6692
825
-4225
-6098
4456
-4137
1797
4631
209
-7758
4904
3236
2157
4619
-6557
-9430
2249
-7882
1361
-5303
2544
515
4599
-6722
-7180
1162
3586
1112
2220
896
-5816
-5341
-6689
81
-4933
537
-5406
-8812
-4361
1315
3119
133
1315
1795
-8246
4737
657
-9729
1632
-8087
20
4172
3036
1354
-4427
3347
3691
-5322
2308
-5931
-4853
1985
-7857
1104
3425
2985
-6945
1471
-9050
3111
-4880
-7430
-9127
3123
3246
-8832
2224
4735
4117
1892
2229
3148
3703
1236
3157
-4790
1609
40
1990
902
-7535
-8318
-5062
-8109
